15 0.276250 0.431250 0.034167 0.028750
15 0.451250 0.785312 0.029167 0.036875
15 0.439167 0.873750 0.046667 0.017500
15 0.173333 0.813750 0.053333 0.016250
15 0.325417 0.765938 0.027500 0.023125
15 0.384583 0.758437 0.035833 0.016875
15 0.567083 0.756875 0.020833 0.040000
15 0.602083 0.793750 0.029167 0.030000
15 0.565000 0.799375 0.055000 0.011250
15 0.562083 0.790312 0.049167 0.009375
15 0.583750 0.809688 0.054167 0.005625
15 0.377917 0.729688 0.037500 0.018125
15 0.339167 0.720000 0.048333 0.007500
15 0.506667 0.722812 0.050000 0.010625
15 0.504583 0.713125 0.049167 0.012500
15 0.488750 0.700625 0.042500 0.022500
15 0.473333 0.681250 0.021667 0.033750
15 0.471667 0.663438 0.031667 0.021875
15 0.620000 0.687500 0.018333 0.031250
15 0.600000 0.692187 0.025000 0.033125
15 0.589583 0.671562 0.037500 0.024375
15 0.617500 0.651250 0.033333 0.018750
15 0.677917 0.654375 0.027500 0.031250
15 0.655000 0.618125 0.021667 0.032500
15 0.680417 0.625938 0.044167 0.016875
15 0.711667 0.620313 0.020000 0.034375
15 0.689583 0.604375 0.037500 0.021250
15 0.625417 0.618437 0.049167 0.025625
15 0.588750 0.620938 0.012500 0.035625
15 0.568750 0.635938 0.027500 0.033125
15 0.555417 0.616563 0.015833 0.033125
15 0.560000 0.597812 0.038333 0.030625
15 0.625000 0.595625 0.023333 0.023750
15 0.601250 0.589688 0.035833 0.023125
15 0.658333 0.576250 0.023333 0.041250
15 0.702083 0.578125 0.047500 0.010000
15 0.781250 0.564375 0.039167 0.012500
15 0.853750 0.510625 0.052500 0.018750
15 0.521250 0.606250 0.039167 0.015000
15 0.488750 0.610000 0.034167 0.031250
15 0.524583 0.594063 0.034167 0.014375
15 0.442917 0.632500 0.049167 0.013750
15 0.460000 0.623125 0.051667 0.010000
15 0.410000 0.653750 0.020000 0.030000
15 0.397917 0.654375 0.037500 0.033750
15 0.315000 0.692187 0.028333 0.033125
15 0.328750 0.658125 0.039167 0.017500
15 0.331250 0.619375 0.039167 0.023750
15 0.237917 0.670625 0.012500 0.025000
15 0.189167 0.708750 0.025000 0.017500
15 0.181250 0.692500 0.042500 0.008750
15 0.203333 0.632812 0.033333 0.029375
15 0.197083 0.606875 0.037500 0.022500
15 0.421250 0.597812 0.040833 0.010625
15 0.374583 0.589688 0.012500 0.035625
15 0.428333 0.576250 0.046667 0.008750
15 0.506250 0.575000 0.037500 0.023750
15 0.479583 0.558438 0.039167 0.026875
15 0.544167 0.536250 0.045000 0.008750
15 0.687500 0.505938 0.033333 0.035625
15 0.745000 0.474375 0.030000 0.031250
15 0.750417 0.443750 0.017500 0.026250
15 0.710000 0.445937 0.046667 0.006875
15 0.699167 0.470625 0.021667 0.036250
15 0.672917 0.477812 0.037500 0.020625
15 0.657500 0.483438 0.033333 0.025625
15 0.585000 0.489063 0.055000 0.013125
15 0.627500 0.466562 0.053333 0.010625
15 0.514583 0.510000 0.042500 0.022500
15 0.457917 0.535312 0.024167 0.025625
15 0.430417 0.525625 0.050833 0.015000
15 0.379167 0.544375 0.021667 0.033750
15 0.350000 0.553125 0.018333 0.037500
15 0.292083 0.554688 0.029167 0.031875
15 0.365833 0.510000 0.018333 0.040000
15 0.415000 0.489063 0.010000 0.031875
15 0.450000 0.510312 0.048333 0.010625
15 0.459167 0.488438 0.030000 0.020625
15 0.495833 0.490312 0.016667 0.043125
15 0.487917 0.489687 0.019167 0.033125
15 0.574583 0.470625 0.057500 0.023750
15 0.623750 0.465938 0.060833 0.009375
15 0.615833 0.440625 0.056667 0.015000
15 0.543750 0.449688 0.047500 0.009375
15 0.549583 0.415625 0.047500 0.023750
15 0.566250 0.436250 0.045833 0.015000
15 0.478750 0.460938 0.057500 0.013125
15 0.445833 0.480938 0.040000 0.023125
15 0.398750 0.460938 0.035833 0.034375
15 0.424167 0.433437 0.023333 0.026875
15 0.458750 0.432812 0.054167 0.013125
15 0.138333 0.517500 0.043333 0.001250
15 0.050417 0.505938 0.042500 0.010625
15 0.109583 0.477812 0.037500 0.018125
15 0.163333 0.446562 0.033333 0.029375
15 0.210000 0.402813 0.011667 0.028125
15 0.190833 0.394688 0.010000 0.039375
15 0.260417 0.375937 0.049167 0.013125
15 0.223750 0.370625 0.019167 0.032500
15 0.148333 0.337187 0.031667 0.034375
15 0.304167 0.202187 0.030000 0.025625
15 0.315417 0.315000 0.047500 0.013750
15 0.368333 0.359375 0.031667 0.031250
15 0.340417 0.431250 0.015833 0.031250
15 0.387500 0.415938 0.041667 0.019375
15 0.383750 0.403438 0.042500 0.018125
15 0.466250 0.408125 0.035833 0.021250
15 0.455000 0.389062 0.050000 0.019375
15 0.451250 0.370625 0.054167 0.015000
15 0.519167 0.375312 0.008333 0.039375
15 0.501250 0.372500 0.015833 0.026250
15 0.325417 0.367188 0.015833 0.028125
15 0.321250 0.432812 0.019167 0.028125
15 0.312083 0.339687 0.029167 0.033125
15 0.248750 0.356563 0.049167 0.013125
15 0.239583 0.344687 0.032500 0.016875
15 0.492917 0.337187 0.029167 0.028125
15 0.722083 0.417500 0.039167 0.013750
15 0.757083 0.406562 0.015833 0.033125
15 0.694167 0.399062 0.036667 0.018125
15 0.728750 0.393437 0.040833 0.026875
15 0.722083 0.380000 0.032500 0.023750
15 0.673333 0.388750 0.036667 0.027500
15 0.656667 0.374063 0.031667 0.035625
15 0.663333 0.342500 0.056667 0.011250
15 0.675417 0.323437 0.042500 0.009375
15 0.637500 0.322188 0.021667 0.034375
15 0.621667 0.320000 0.036667 0.032500
15 0.874583 0.327500 0.044167 0.023750
15 0.816250 0.315000 0.037500 0.022500
15 0.794167 0.291250 0.045000 0.011250
15 0.835000 0.271875 0.031667 0.025000
15 0.772500 0.246562 0.026667 0.034375
