15 0.606875 0.796667 0.057500 0.080000
15 0.665937 0.652500 0.066875 0.078333
15 0.915312 0.582500 0.043125 0.083333
15 0.825313 0.457917 0.045625 0.049167
15 0.705625 0.550833 0.071250 0.031667
15 0.627812 0.607917 0.034375 0.059167
15 0.546250 0.645417 0.031250 0.090833
15 0.492812 0.781250 0.065625 0.079167
15 0.647188 0.523750 0.041875 0.052500
15 0.622812 0.562917 0.066875 0.029167
15 0.700625 0.526667 0.065000 0.028333
15 0.772188 0.532917 0.051875 0.024167
15 0.774062 0.508750 0.056875 0.027500
15 0.497812 0.623333 0.060625 0.045000
15 0.459688 0.644167 0.060625 0.033333
15 0.346250 0.815833 0.017500 0.091667
15 0.312188 0.795833 0.038125 0.108333
15 0.326875 0.902083 0.067500 0.047500
15 0.269375 0.876250 0.017500 0.105833
15 0.267188 0.937083 0.036875 0.092500
15 0.289375 0.922500 0.021250 0.083333
15 0.344375 0.981250 0.032500 0.025833
15 0.394688 0.717917 0.056875 0.047500
15 0.371250 0.724167 0.061250 0.055000
15 0.420938 0.588333 0.049375 0.053333
15 0.332500 0.610000 0.067500 0.026667
15 0.259688 0.629583 0.025625 0.072500
15 0.288125 0.669167 0.032500 0.066667
15 0.308750 0.667500 0.038750 0.073333
15 0.295312 0.536250 0.050625 0.044167
15 0.158750 0.670833 0.062500 0.065000
15 0.127812 0.606250 0.059375 0.020833
15 0.380937 0.465833 0.039375 0.063333
15 0.355312 0.475000 0.043125 0.068333
15 0.452500 0.527083 0.037500 0.064167
15 0.423750 0.530833 0.025000 0.070000
15 0.503125 0.517917 0.033750 0.065833
15 0.513750 0.503750 0.027500 0.074167
15 0.550625 0.508333 0.045000 0.056667
15 0.551875 0.472083 0.052500 0.030833
15 0.536563 0.452917 0.056875 0.017500
15 0.657813 0.447083 0.063125 0.032500
15 0.556875 0.425000 0.053750 0.035000
15 0.540625 0.398333 0.052500 0.033333
15 0.490312 0.414167 0.023125 0.060000
15 0.506875 0.376250 0.013750 0.067500
15 0.570625 0.379167 0.055000 0.035000
15 0.618437 0.372917 0.044375 0.045833
15 0.662188 0.373750 0.039375 0.045833
15 0.702187 0.410417 0.030625 0.060833
15 0.709375 0.381250 0.022500 0.054167
15 0.725000 0.332083 0.047500 0.035833
15 0.699688 0.347917 0.049375 0.025833
15 0.838125 0.348750 0.056250 0.025833
15 0.828750 0.333333 0.056250 0.026667
15 0.921875 0.279583 0.042500 0.022500
15 0.976562 0.277917 0.046875 0.025833
15 0.887188 0.208333 0.025625 0.051667
15 0.910625 0.194583 0.048750 0.037500
15 0.976562 0.215417 0.015625 0.052500
15 0.757812 0.236667 0.013125 0.040000
15 0.772188 0.218750 0.009375 0.039167
15 0.753750 0.195417 0.032500 0.035833
15 0.741875 0.169583 0.047500 0.030833
15 0.663438 0.323333 0.020625 0.058333
15 0.628125 0.324167 0.007500 0.055000
15 0.679688 0.260000 0.046875 0.038333
15 0.539375 0.299583 0.050000 0.017500
15 0.586875 0.275000 0.037500 0.045000
15 0.625938 0.230833 0.043125 0.043333
15 0.666875 0.142500 0.041250 0.038333
15 0.694375 0.099167 0.041250 0.041667
15 0.240625 0.412917 0.062500 0.044167
15 0.145625 0.442917 0.038750 0.049167
15 0.230937 0.357917 0.055625 0.037500
15 0.137500 0.372917 0.055000 0.037500
15 0.065625 0.297917 0.051250 0.039167
15 0.110000 0.285833 0.030000 0.060000
15 0.303125 0.269167 0.041250 0.046667
15 0.405000 0.355417 0.031250 0.052500
15 0.071563 0.532500 0.054375 0.030000
15 0.023750 0.438750 0.046250 0.037500
15 0.021562 0.419167 0.036875 0.030000
15 0.081875 0.351667 0.041250 0.018333
15 0.344687 0.320000 0.048125 0.028333
15 0.404375 0.315000 0.042500 0.041667
15 0.448125 0.322083 0.022500 0.050833
15 0.470000 0.290000 0.021250 0.055000
15 0.478750 0.272917 0.020000 0.050833
15 0.500625 0.225000 0.018750 0.041667
15 0.533438 0.224167 0.051875 0.018333
15 0.577500 0.220000 0.030000 0.046667
15 0.550312 0.206667 0.044375 0.021667
15 0.579063 0.173750 0.056875 0.022500
15 0.598750 0.136667 0.038750 0.035000
15 0.540625 0.110417 0.047500 0.025833
15 0.530000 0.153333 0.020000 0.040000
15 0.515938 0.166667 0.014375 0.050000
15 0.480000 0.192083 0.045000 0.024167
15 0.472187 0.218333 0.035625 0.038333
15 0.436875 0.252917 0.040000 0.034167
15 0.345938 0.301667 0.056875 0.036667
15 0.382500 0.232500 0.038750 0.038333
15 0.403125 0.218750 0.017500 0.052500
15 0.420000 0.210000 0.023750 0.041667
15 0.460938 0.138333 0.035625 0.040000
15 0.481875 0.136667 0.011250 0.051667
15 0.501563 0.158333 0.023125 0.048333
15 0.416563 0.138333 0.028125 0.046667
15 0.401875 0.100833 0.037500 0.025000
15 0.373437 0.088333 0.031875 0.050000
15 0.325625 0.084167 0.038750 0.035000
15 0.310000 0.065417 0.047500 0.025833
15 0.307500 0.050833 0.043750 0.021667
15 0.220938 0.137917 0.055625 0.034167
15 0.212500 0.112083 0.043750 0.024167
15 0.227813 0.057917 0.046875 0.024167
15 0.160938 0.059583 0.039375 0.030833
15 0.111875 0.066667 0.018750 0.040000
15 0.415625 0.043333 0.043750 0.023333
15 0.460625 0.041667 0.031250 0.033333
15 0.460000 0.017500 0.035000 0.028333
15 0.434375 0.020833 0.016250 0.036667
15 0.376875 0.013750 0.052500 0.017500
15 0.332813 0.011250 0.020625 0.020833
