15 0.208125 0.144583 0.031250 0.062500
15 0.240000 0.104583 0.023750 0.072500
15 0.376250 0.182083 0.053750 0.012500
15 0.410625 0.262917 0.037500 0.057500
15 0.476875 0.242083 0.052500 0.034167
15 0.564375 0.238750 0.048750 0.022500
15 0.537188 0.283333 0.055625 0.028333
15 0.495625 0.343750 0.038750 0.052500
15 0.531563 0.355833 0.040625 0.060000
15 0.570625 0.319583 0.052500 0.029167
15 0.612500 0.338750 0.035000 0.057500
15 0.561562 0.341250 0.039375 0.035833
15 0.565625 0.437917 0.046250 0.037500
15 0.578438 0.394167 0.044375 0.041667
15 0.581250 0.375417 0.040000 0.040833
15 0.495000 0.389583 0.050000 0.019167
15 0.481563 0.449583 0.045625 0.034167
15 0.426563 0.386667 0.023125 0.060000
15 0.391562 0.396667 0.035625 0.063333
15 0.376250 0.332083 0.043750 0.039167
15 0.309063 0.301667 0.049375 0.040000
15 0.246250 0.332917 0.015000 0.065833
15 0.196563 0.355417 0.054375 0.020833
15 0.167813 0.413750 0.029375 0.065833
15 0.095000 0.443333 0.046250 0.025000
15 0.146563 0.520000 0.049375 0.040000
15 0.180938 0.477500 0.050625 0.041667
15 0.148125 0.637500 0.060000 0.018333
15 0.260313 0.762917 0.053125 0.030833
15 0.226875 0.847083 0.028750 0.074167
15 0.198125 0.848750 0.020000 0.070833
15 0.195625 0.811250 0.041250 0.044167
15 0.210000 0.795833 0.046250 0.050000
15 0.018437 0.707083 0.034375 0.062500
15 0.271562 0.649583 0.038125 0.067500
15 0.278438 0.639167 0.035625 0.051667
15 0.287187 0.605833 0.055625 0.035000
15 0.330313 0.541667 0.021875 0.068333
15 0.304063 0.562917 0.035625 0.074167
15 0.357812 0.471250 0.013125 0.075833
15 0.379375 0.477500 0.028750 0.061667
15 0.409375 0.507500 0.020000 0.060000
15 0.436563 0.543750 0.038125 0.044167
15 0.451250 0.532500 0.045000 0.050000
15 0.473750 0.497083 0.055000 0.024167
15 0.472813 0.585000 0.021875 0.065000
15 0.449375 0.603333 0.033750 0.055000
15 0.430625 0.640833 0.062500 0.020000
15 0.465000 0.658333 0.053750 0.023333
15 0.393750 0.712500 0.058750 0.018333
15 0.372812 0.747917 0.056875 0.020833
15 0.387500 0.763333 0.055000 0.020000
15 0.432500 0.727083 0.011250 0.062500
15 0.506250 0.742917 0.056250 0.025833
15 0.489687 0.704583 0.043125 0.034167
15 0.468125 0.812083 0.038750 0.070833
15 0.509375 0.790000 0.041250 0.041667
15 0.534062 0.822917 0.054375 0.025833
15 0.541250 0.765417 0.021250 0.067500
15 0.561562 0.704583 0.061875 0.029167
15 0.585000 0.763333 0.031250 0.068333
15 0.517813 0.641250 0.053125 0.040833
15 0.521563 0.672917 0.055625 0.015833
15 0.653438 0.855000 0.016875 0.068333
15 0.771250 0.901667 0.033750 0.066667
15 0.311875 0.446667 0.052500 0.015000
15 0.300625 0.426667 0.056250 0.015000
15 0.675937 0.668750 0.058125 0.015833
15 0.730625 0.648750 0.043750 0.050833
15 0.755000 0.714167 0.035000 0.068333
15 0.797188 0.690000 0.049375 0.023333
15 0.855000 0.662083 0.058750 0.025833
15 0.773125 0.635417 0.027500 0.052500
15 0.700000 0.622917 0.016250 0.067500
15 0.687813 0.607083 0.016875 0.074167
15 0.695000 0.546250 0.025000 0.055833
15 0.638125 0.517500 0.038750 0.053333
15 0.719688 0.500833 0.023125 0.068333
15 0.667188 0.493333 0.050625 0.023333
15 0.670625 0.467083 0.038750 0.047500
15 0.691875 0.479583 0.028750 0.052500
15 0.628125 0.470000 0.053750 0.028333
15 0.669687 0.412500 0.025625 0.065000
15 0.694688 0.441667 0.011875 0.065000
15 0.715000 0.398333 0.048750 0.041667
15 0.824063 0.625833 0.036875 0.036667
15 0.824063 0.573333 0.014375 0.061667
15 0.860313 0.613750 0.046875 0.019167
15 0.869375 0.588750 0.048750 0.015833
15 0.826250 0.530000 0.056250 0.023333
15 0.837500 0.492500 0.052500 0.016667
15 0.883750 0.468333 0.031250 0.065000
15 0.916250 0.470417 0.025000 0.065833
15 0.899687 0.417917 0.058125 0.012500
15 0.891875 0.397917 0.058750 0.020833
15 0.750625 0.310833 0.048750 0.036667
15 0.744375 0.285833 0.045000 0.028333
15 0.787188 0.239167 0.025625 0.065000
15 0.642500 0.296250 0.032500 0.054167
15 0.648125 0.262083 0.037500 0.050833
15 0.675937 0.268750 0.009375 0.060833
15 0.694688 0.234583 0.015625 0.079167
15 0.716875 0.211667 0.018750 0.061667
15 0.631875 0.157917 0.015000 0.065833
15 0.615625 0.240833 0.030000 0.060000
15 0.622500 0.171250 0.010000 0.064167
15 0.683438 0.137500 0.013125 0.055000
15 0.683438 0.096667 0.056875 0.015000
15 0.571250 0.124167 0.051250 0.025000
15 0.561875 0.106250 0.051250 0.024167
15 0.531875 0.032917 0.023750 0.060833
15 0.647500 0.044167 0.050000 0.031667
15 0.693125 0.019167 0.056250 0.020000
15 0.550000 0.503333 0.022500 0.058333
15 0.180000 0.225000 0.048750 0.026667
15 0.110312 0.164583 0.024375 0.057500
15 0.092500 0.196250 0.017500 0.052500
