15 0.307188 0.480000 0.021875 0.038333
15 0.349687 0.596250 0.034375 0.022500
15 0.476250 0.608333 0.030000 0.030000
15 0.509687 0.730417 0.040625 0.030833
15 0.542188 0.736250 0.030625 0.030833
15 0.599063 0.784583 0.013125 0.047500
15 0.621875 0.778333 0.028750 0.028333
15 0.733750 0.835417 0.017500 0.059167
15 0.374375 0.872917 0.012500 0.045833
15 0.405000 0.776250 0.018750 0.050833
15 0.355312 0.799583 0.028125 0.042500
15 0.338125 0.726250 0.035000 0.030833
15 0.220625 0.708333 0.025000 0.033333
15 0.292500 0.667917 0.031250 0.022500
15 0.304688 0.657500 0.028125 0.008333
15 0.279375 0.630833 0.027500 0.013333
15 0.294687 0.595417 0.009375 0.047500
15 0.268750 0.606667 0.020000 0.035000
15 0.255937 0.608750 0.028125 0.030833
15 0.363750 0.539167 0.023750 0.023333
15 0.367188 0.524583 0.026875 0.022500
15 0.486563 0.548750 0.034375 0.017500
15 0.550625 0.586250 0.013750 0.039167
15 0.586875 0.711667 0.032500 0.020000
15 0.592812 0.611250 0.024375 0.037500
15 0.621250 0.627917 0.031250 0.022500
15 0.655625 0.613750 0.010000 0.040833
15 0.702500 0.643750 0.021250 0.034167
15 0.671250 0.569583 0.017500 0.045833
15 0.703125 0.571250 0.011250 0.037500
15 0.738125 0.513333 0.036250 0.028333
15 0.823125 0.552500 0.008750 0.060000
15 0.599375 0.528750 0.031250 0.024167
15 0.600625 0.515000 0.027500 0.028333
15 0.533438 0.536250 0.030625 0.012500
15 0.485625 0.522917 0.028750 0.024167
15 0.450000 0.522917 0.023750 0.017500
15 0.301563 0.522500 0.028125 0.025000
15 0.271562 0.532083 0.024375 0.037500
15 0.275938 0.511250 0.021875 0.035833
15 0.248125 0.522917 0.017500 0.035833
15 0.141250 0.502917 0.035000 0.019167
15 0.324062 0.459167 0.028125 0.026667
15 0.364063 0.478333 0.021875 0.041667
15 0.348438 0.475000 0.024375 0.036667
15 0.409687 0.476667 0.018125 0.035000
15 0.441250 0.467917 0.028750 0.022500
15 0.478125 0.460833 0.010000 0.045000
15 0.467500 0.437917 0.008750 0.039167
15 0.438750 0.433750 0.020000 0.035833
15 0.447813 0.424167 0.014375 0.033333
15 0.390937 0.448333 0.035625 0.011667
15 0.382500 0.419167 0.010000 0.043333
15 0.398438 0.406667 0.011875 0.036667
15 0.425312 0.400833 0.018125 0.041667
15 0.478750 0.380000 0.013750 0.038333
15 0.457813 0.390000 0.034375 0.008333
15 0.449062 0.401667 0.029375 0.011667
15 0.524375 0.483750 0.013750 0.037500
15 0.545000 0.494167 0.013750 0.046667
15 0.582812 0.480000 0.024375 0.041667
15 0.577187 0.457917 0.010625 0.047500
15 0.635938 0.462917 0.039375 0.019167
15 0.615938 0.460833 0.036875 0.021667
15 0.658125 0.453333 0.021250 0.051667
15 0.682813 0.440417 0.008125 0.049167
15 0.671562 0.443333 0.008125 0.050000
15 0.720000 0.395000 0.036250 0.020000
15 0.754687 0.404583 0.009375 0.040833
15 0.765625 0.402917 0.008750 0.045833
15 0.775625 0.388333 0.017500 0.040000
15 0.760938 0.373333 0.031875 0.021667
15 0.572500 0.428750 0.031250 0.020833
15 0.521250 0.421667 0.013750 0.041667
15 0.495000 0.443333 0.021250 0.026667
15 0.539687 0.405417 0.019375 0.039167
15 0.561875 0.399167 0.008750 0.046667
15 0.571250 0.401250 0.012500 0.042500
15 0.582187 0.365833 0.030625 0.016667
15 0.606875 0.363750 0.020000 0.034167
15 0.565937 0.363750 0.029375 0.020833
15 0.593750 0.335417 0.027500 0.015833
15 0.568125 0.320417 0.016250 0.039167
15 0.577812 0.301667 0.023125 0.025000
15 0.599063 0.308750 0.013125 0.044167
15 0.628437 0.325833 0.020625 0.033333
15 0.642500 0.347917 0.021250 0.030833
15 0.663125 0.346250 0.028750 0.029167
15 0.660312 0.328750 0.028125 0.025833
15 0.641250 0.270000 0.038750 0.020000
15 0.602187 0.282083 0.031875 0.020833
15 0.565312 0.274583 0.029375 0.024167
15 0.592812 0.255417 0.025625 0.024167
15 0.572187 0.235000 0.014375 0.041667
15 0.615625 0.259167 0.010000 0.038333
15 0.612500 0.237083 0.026250 0.029167
15 0.571562 0.172500 0.018125 0.036667
15 0.540000 0.103750 0.012500 0.045833
15 0.506563 0.366250 0.021875 0.039167
15 0.463125 0.337083 0.031250 0.024167
15 0.475625 0.308333 0.008750 0.041667
15 0.426563 0.343333 0.018125 0.043333
15 0.444688 0.324583 0.008125 0.042500
15 0.454062 0.309583 0.019375 0.034167
15 0.403438 0.328750 0.011875 0.042500
15 0.373437 0.403333 0.020625 0.031667
15 0.350625 0.404583 0.022500 0.037500
15 0.335313 0.402083 0.025625 0.035833
15 0.317500 0.356250 0.032500 0.024167
15 0.352812 0.360000 0.023125 0.020000
15 0.357812 0.347083 0.030625 0.014167
15 0.422500 0.317917 0.021250 0.034167
15 0.438437 0.308333 0.010625 0.045000
15 0.462500 0.271667 0.008750 0.036667
15 0.436250 0.276667 0.018750 0.040000
15 0.482187 0.253333 0.026875 0.026667
15 0.479063 0.240417 0.026875 0.020833
15 0.507812 0.232500 0.029375 0.031667
15 0.479063 0.214167 0.030625 0.010000
15 0.459375 0.200000 0.010000 0.035000
15 0.489063 0.182500 0.034375 0.018333
15 0.465000 0.170417 0.021250 0.017500
15 0.433750 0.154583 0.031250 0.025833
15 0.435937 0.182500 0.010625 0.035000
15 0.387813 0.230833 0.023125 0.025000
15 0.401250 0.219167 0.016250 0.038333
15 0.415625 0.202500 0.032500 0.028333
15 0.404062 0.181667 0.021875 0.041667
15 0.419063 0.172917 0.020625 0.032500
15 0.360000 0.217083 0.011250 0.049167
15 0.329688 0.242083 0.023125 0.027500
15 0.335938 0.231250 0.026875 0.029167
15 0.347813 0.199167 0.016875 0.031667
15 0.308125 0.110417 0.028750 0.010833
15 0.345313 0.103750 0.014375 0.034167
15 0.370312 0.094583 0.010625 0.032500
15 0.395625 0.056250 0.016250 0.034167
15 0.339375 0.074167 0.031250 0.025000
