15 0.575000 0.701667 0.013750 0.058333
15 0.619375 0.672500 0.033750 0.028333
15 0.704375 0.633333 0.028750 0.035000
15 0.633125 0.609167 0.036250 0.026667
15 0.608750 0.632917 0.018750 0.049167
15 0.596250 0.666667 0.037500 0.011667
15 0.786875 0.607500 0.045000 0.026667
15 0.601875 0.580417 0.032500 0.037500
15 0.579063 0.635000 0.030625 0.038333
15 0.556875 0.619583 0.038750 0.015833
15 0.566562 0.586250 0.031875 0.025833
15 0.557500 0.567500 0.043750 0.008333
15 0.527500 0.599167 0.026250 0.033333
15 0.502500 0.608750 0.036250 0.029167
15 0.500938 0.571667 0.010625 0.048333
15 0.511875 0.547083 0.010000 0.049167
15 0.527813 0.660417 0.026875 0.044167
15 0.495312 0.672917 0.036875 0.020833
15 0.494063 0.705000 0.031875 0.035000
15 0.509687 0.714167 0.028125 0.036667
15 0.422812 0.771667 0.031875 0.045000
15 0.426875 0.853333 0.007500 0.063333
15 0.406562 0.871250 0.033125 0.035833
15 0.393750 0.845000 0.041250 0.013333
15 0.398125 0.831250 0.046250 0.020833
15 0.237500 0.872917 0.041250 0.024167
15 0.310000 0.749583 0.038750 0.037500
15 0.395937 0.693750 0.044375 0.020833
15 0.400000 0.682083 0.047500 0.014167
15 0.392500 0.657083 0.043750 0.015833
15 0.395313 0.615833 0.008125 0.061667
15 0.402187 0.593750 0.009375 0.054167
15 0.271250 0.672917 0.036250 0.017500
15 0.285938 0.631667 0.043125 0.011667
15 0.214375 0.645417 0.042500 0.012500
15 0.051250 0.620000 0.038750 0.038333
15 0.138437 0.484167 0.008125 0.045000
15 0.144063 0.452083 0.031875 0.030833
15 0.258437 0.590000 0.036875 0.030000
15 0.258750 0.535833 0.038750 0.036667
15 0.288125 0.498333 0.025000 0.046667
15 0.364063 0.542083 0.039375 0.027500
15 0.348438 0.533750 0.036875 0.032500
15 0.400625 0.530417 0.027500 0.040833
15 0.420312 0.525000 0.034375 0.025000
15 0.448125 0.529167 0.008750 0.051667
15 0.478125 0.542500 0.035000 0.015000
15 0.483125 0.528333 0.040000 0.015000
15 0.663125 0.506667 0.033750 0.036667
15 0.691250 0.465417 0.016250 0.042500
15 0.723437 0.498333 0.014375 0.055000
15 0.742812 0.460000 0.025625 0.030000
15 0.765312 0.420000 0.029375 0.038333
15 0.711562 0.436667 0.036875 0.020000
15 0.665937 0.459583 0.014375 0.042500
15 0.652500 0.457083 0.016250 0.044167
15 0.641563 0.420833 0.041875 0.020000
15 0.596250 0.427083 0.040000 0.015833
15 0.535000 0.457917 0.023750 0.034167
15 0.484375 0.490833 0.033750 0.020000
15 0.475938 0.458333 0.036875 0.018333
15 0.421563 0.444583 0.029375 0.029167
15 0.401250 0.469583 0.040000 0.027500
15 0.320625 0.446250 0.037500 0.010833
15 0.374063 0.433333 0.020625 0.045000
15 0.402500 0.373750 0.031250 0.029167
15 0.377812 0.367917 0.010625 0.050833
15 0.333750 0.335417 0.036250 0.029167
15 0.217812 0.352500 0.013125 0.050000
15 0.204375 0.393333 0.015000 0.053333
15 0.206563 0.457083 0.031875 0.035833
15 0.469375 0.410417 0.035000 0.022500
15 0.528438 0.412083 0.048125 0.015833
15 0.578750 0.402917 0.032500 0.030833
15 0.605938 0.396250 0.039375 0.014167
15 0.642500 0.379167 0.028750 0.031667
15 0.615000 0.376250 0.031250 0.015833
15 0.598750 0.377917 0.031250 0.014167
15 0.888125 0.390417 0.042500 0.017500
15 0.852812 0.342083 0.039375 0.010833
15 0.849063 0.298750 0.036875 0.025833
15 0.883437 0.302500 0.016875 0.041667
15 0.851562 0.239583 0.013125 0.040833
15 0.749375 0.272083 0.025000 0.022500
15 0.729688 0.288333 0.036875 0.025000
15 0.722187 0.376667 0.016875 0.041667
15 0.755000 0.385417 0.036250 0.015833
15 0.755313 0.367500 0.036875 0.020000
15 0.714688 0.349167 0.036875 0.011667
15 0.708750 0.326667 0.033750 0.030000
15 0.609062 0.351667 0.025625 0.038333
15 0.585313 0.348750 0.033125 0.029167
15 0.608437 0.319167 0.039375 0.010000
15 0.720938 0.247500 0.030625 0.026667
15 0.711562 0.238750 0.036875 0.027500
15 0.528125 0.325833 0.031250 0.025000
15 0.525000 0.374583 0.020000 0.049167
15 0.521875 0.362500 0.016250 0.041667
15 0.456250 0.383333 0.037500 0.018333
15 0.482500 0.372500 0.037500 0.015000
15 0.496250 0.350833 0.032500 0.015000
15 0.494688 0.334167 0.040625 0.020000
15 0.465938 0.330833 0.028125 0.038333
15 0.413438 0.324583 0.024375 0.045833
15 0.469687 0.285833 0.034375 0.016667
15 0.502188 0.268333 0.013125 0.053333
15 0.536250 0.287500 0.038750 0.020000
15 0.527500 0.263750 0.035000 0.015833
15 0.546875 0.256667 0.017500 0.038333
15 0.551250 0.226250 0.022500 0.039167
15 0.558125 0.202917 0.028750 0.037500
15 0.605000 0.253333 0.022500 0.045000
15 0.596562 0.234167 0.019375 0.026667
15 0.608125 0.191667 0.010000 0.046667
15 0.486875 0.223333 0.028750 0.040000
15 0.489687 0.207083 0.023125 0.035833
15 0.512813 0.173333 0.020625 0.041667
15 0.440312 0.210417 0.034375 0.030833
15 0.431563 0.204583 0.023125 0.025833
15 0.505000 0.146250 0.037500 0.020833
15 0.468125 0.130000 0.026250 0.038333
15 0.485938 0.096667 0.036875 0.016667
15 0.467813 0.091250 0.036875 0.027500
15 0.488125 0.060833 0.031250 0.028333
15 0.412187 0.101667 0.035625 0.023333
15 0.391562 0.170833 0.009375 0.046667
15 0.356563 0.103333 0.020625 0.035000
15 0.354687 0.083333 0.025625 0.033333
15 0.388125 0.074167 0.018750 0.036667
15 0.411875 0.067083 0.022500 0.034167
15 0.413125 0.053750 0.017500 0.035833
15 0.289687 0.130833 0.014375 0.043333
15 0.229375 0.199583 0.026250 0.030833
15 0.232187 0.136667 0.019375 0.033333
15 0.167500 0.142083 0.028750 0.024167
