15 0.827812 0.578750 0.036875 0.010833
15 0.793438 0.321667 0.015625 0.040000
15 0.717812 0.502500 0.029375 0.040000
15 0.690312 0.499583 0.010625 0.042500
15 0.695000 0.475833 0.018750 0.036667
15 0.734688 0.404167 0.031875 0.016667
15 0.719688 0.400833 0.036875 0.020000
15 0.690937 0.400000 0.021875 0.046667
15 0.713125 0.377500 0.023750 0.028333
15 0.710938 0.324167 0.028125 0.038333
15 0.694375 0.327083 0.027500 0.025833
15 0.633750 0.372083 0.038750 0.007500
15 0.664062 0.469167 0.026875 0.035000
15 0.648438 0.513333 0.011875 0.045000
15 0.622500 0.522917 0.030000 0.017500
15 0.597500 0.579583 0.033750 0.039167
15 0.603437 0.638333 0.039375 0.013333
15 0.556562 0.636667 0.034375 0.011667
15 0.569375 0.618750 0.011250 0.029167
15 0.558438 0.758750 0.024375 0.034167
15 0.550000 0.770833 0.021250 0.040000
15 0.505000 0.914583 0.018750 0.035833
15 0.547813 0.932083 0.038125 0.012500
15 0.504062 0.955417 0.036875 0.010833
15 0.472500 0.909167 0.005000 0.050000
15 0.438437 0.940417 0.006875 0.049167
15 0.460313 0.792917 0.014375 0.042500
15 0.449062 0.790000 0.006875 0.040000
15 0.422500 0.798333 0.018750 0.031667
15 0.433437 0.769167 0.013125 0.035000
15 0.455313 0.755417 0.038125 0.015833
15 0.478750 0.747083 0.008750 0.045833
15 0.497188 0.745417 0.021875 0.040833
15 0.521563 0.775417 0.019375 0.039167
15 0.530312 0.798750 0.024375 0.030833
15 0.399375 0.763333 0.020000 0.025000
15 0.414062 0.735417 0.019375 0.040833
15 0.377188 0.739167 0.031875 0.010000
15 0.299063 0.797083 0.023125 0.052500
15 0.369063 0.670833 0.016875 0.036667
15 0.391562 0.703333 0.026875 0.021667
15 0.401562 0.683750 0.033125 0.014167
15 0.405000 0.668333 0.032500 0.015000
15 0.287187 0.702083 0.023125 0.030833
15 0.432188 0.652083 0.016875 0.040833
15 0.458437 0.657917 0.025625 0.037500
15 0.506250 0.630833 0.006250 0.051667
15 0.480312 0.621667 0.029375 0.031667
15 0.486563 0.593333 0.023125 0.040000
15 0.462187 0.629167 0.015625 0.036667
15 0.461875 0.607917 0.007500 0.039167
15 0.444688 0.580000 0.024375 0.035000
15 0.446875 0.610000 0.011250 0.051667
15 0.428125 0.602500 0.015000 0.046667
15 0.580313 0.568750 0.034375 0.027500
15 0.552813 0.557917 0.036875 0.022500
15 0.550312 0.533750 0.019375 0.035833
15 0.531250 0.538333 0.013750 0.041667
15 0.599688 0.492917 0.029375 0.027500
15 0.586562 0.488333 0.030625 0.025000
15 0.551250 0.505833 0.033750 0.010000
15 0.504687 0.530833 0.020625 0.043333
15 0.603437 0.419167 0.016875 0.038333
15 0.598437 0.432917 0.019375 0.042500
15 0.540937 0.461667 0.014375 0.045000
15 0.509375 0.453750 0.028750 0.030833
15 0.499063 0.491667 0.013125 0.048333
15 0.486563 0.492500 0.013125 0.046667
15 0.470000 0.525417 0.033750 0.024167
15 0.480625 0.519167 0.032500 0.026667
15 0.445000 0.524167 0.007500 0.046667
15 0.410000 0.526667 0.023750 0.031667
15 0.444688 0.450833 0.013125 0.041667
15 0.472813 0.470833 0.014375 0.045000
15 0.466875 0.441250 0.016250 0.047500
15 0.473438 0.376250 0.018125 0.040833
15 0.510625 0.391250 0.030000 0.025833
15 0.482812 0.345833 0.039375 0.015000
15 0.509062 0.288750 0.021875 0.040833
15 0.438125 0.332083 0.027500 0.022500
15 0.426250 0.395833 0.027500 0.040000
15 0.414062 0.457500 0.008125 0.050000
15 0.390313 0.465417 0.010625 0.045833
15 0.353750 0.492917 0.036250 0.015833
15 0.336562 0.541667 0.005625 0.051667
15 0.322813 0.554583 0.018125 0.037500
15 0.323750 0.592083 0.025000 0.040833
15 0.302187 0.626667 0.023125 0.041667
15 0.292500 0.592917 0.031250 0.012500
15 0.267500 0.602500 0.016250 0.041667
15 0.271250 0.576250 0.011250 0.047500
15 0.289062 0.560417 0.026875 0.035833
15 0.302187 0.538333 0.011875 0.041667
15 0.247812 0.555417 0.040625 0.009167
15 0.278750 0.500833 0.027500 0.026667
15 0.315000 0.504583 0.022500 0.034167
15 0.309688 0.475833 0.016875 0.040000
15 0.335625 0.480417 0.035000 0.010833
15 0.246250 0.479583 0.018750 0.037500
15 0.248750 0.459583 0.015000 0.040833
15 0.268437 0.466250 0.014375 0.044167
15 0.364063 0.457500 0.011875 0.050000
15 0.354687 0.450417 0.013125 0.042500
15 0.365312 0.422500 0.035625 0.008333
15 0.369375 0.386250 0.022500 0.040833
15 0.365312 0.367083 0.031875 0.034167
15 0.360000 0.320000 0.021250 0.046667
15 0.364063 0.305000 0.021875 0.040000
15 0.324375 0.362500 0.035000 0.013333
15 0.307500 0.351667 0.040000 0.015000
15 0.284687 0.349167 0.009375 0.048333
15 0.271250 0.355417 0.013750 0.042500
15 0.261562 0.350833 0.018125 0.051667
15 0.210625 0.381250 0.028750 0.039167
15 0.164062 0.378750 0.035625 0.010833
15 0.177500 0.347500 0.011250 0.045000
15 0.166250 0.342917 0.011250 0.045833
15 0.155312 0.355833 0.024375 0.026667
15 0.429063 0.271250 0.015625 0.044167
15 0.678750 0.246250 0.037500 0.010833
15 0.680625 0.170417 0.031250 0.025833
15 0.625000 0.157500 0.027500 0.045000
15 0.678125 0.072083 0.021250 0.039167
15 0.503437 0.145833 0.035625 0.016667
15 0.477500 0.127917 0.045000 0.014167
15 0.424687 0.131250 0.020625 0.030833
15 0.394062 0.230833 0.033125 0.028333
15 0.368750 0.195833 0.025000 0.041667
15 0.335313 0.192917 0.025625 0.042500
15 0.307500 0.223750 0.010000 0.054167
15 0.227187 0.256250 0.028125 0.047500
15 0.276875 0.207500 0.011250 0.053333
15 0.160625 0.175000 0.013750 0.048333
15 0.296563 0.140000 0.011875 0.041667
15 0.435312 0.055000 0.024375 0.040000
15 0.411562 0.051667 0.031875 0.013333
