15 0.645000 0.217500 0.012500 0.041667
15 0.736563 0.303750 0.013125 0.042500
15 0.698750 0.355417 0.037500 0.012500
15 0.753125 0.405417 0.032500 0.010833
15 0.532813 0.261250 0.031875 0.017500
15 0.563750 0.318333 0.033750 0.010000
15 0.560937 0.332500 0.025625 0.021667
15 0.416875 0.285417 0.021250 0.039167
15 0.515000 0.385000 0.035000 0.015000
15 0.555937 0.423750 0.015625 0.034167
15 0.563125 0.422917 0.018750 0.029167
15 0.590625 0.433333 0.031250 0.021667
15 0.621875 0.447500 0.015000 0.035000
15 0.599688 0.557500 0.015625 0.033333
15 0.627500 0.527500 0.025000 0.035000
15 0.634062 0.487083 0.009375 0.037500
15 0.642500 0.488750 0.006250 0.042500
15 0.644062 0.532917 0.006875 0.034167
15 0.667188 0.535000 0.036875 0.015000
15 0.689375 0.492917 0.023750 0.042500
15 0.493750 0.444583 0.032500 0.015833
15 0.517500 0.475833 0.030000 0.021667
15 0.580937 0.467917 0.039375 0.005833
15 0.575937 0.458750 0.036875 0.009167
15 0.426250 0.392917 0.017500 0.034167
15 0.369688 0.403750 0.023125 0.024167
15 0.226250 0.402083 0.032500 0.025833
15 0.239687 0.284167 0.033125 0.033333
15 0.329375 0.444167 0.028750 0.010000
15 0.418125 0.431667 0.028750 0.018333
15 0.439688 0.433333 0.013125 0.041667
15 0.450937 0.434583 0.006875 0.049167
15 0.457188 0.430000 0.008125 0.045000
15 0.468125 0.449167 0.008750 0.043333
15 0.275938 0.472500 0.026875 0.036667
15 0.248125 0.470000 0.027500 0.021667
15 0.246875 0.459583 0.022500 0.022500
15 0.336562 0.491667 0.009375 0.045000
15 0.324688 0.489583 0.021875 0.027500
15 0.313437 0.528750 0.028125 0.020833
15 0.315000 0.513333 0.031250 0.016667
15 0.163750 0.513333 0.025000 0.021667
15 0.198125 0.536667 0.015000 0.046667
15 0.210000 0.513750 0.011250 0.035833
15 0.213750 0.538750 0.018750 0.037500
15 0.220000 0.548333 0.016250 0.031667
15 0.238125 0.527083 0.025000 0.025833
15 0.267813 0.505000 0.035625 0.015000
15 0.278750 0.513750 0.028750 0.020833
15 0.268750 0.537500 0.036250 0.011667
15 0.277187 0.547917 0.036875 0.007500
15 0.245938 0.567083 0.019375 0.029167
15 0.265000 0.570000 0.030000 0.016667
15 0.261562 0.561667 0.025625 0.018333
15 0.306875 0.612917 0.008750 0.037500
15 0.202813 0.602917 0.008125 0.032500
15 0.189688 0.605833 0.020625 0.020000
15 0.192188 0.624583 0.029375 0.017500
15 0.216562 0.657500 0.024375 0.016667
15 0.227500 0.671250 0.027500 0.019167
15 0.237500 0.676250 0.025000 0.014167
15 0.274375 0.686250 0.010000 0.040833
15 0.272813 0.735000 0.025625 0.028333
15 0.252188 0.628750 0.020625 0.027500
15 0.283750 0.634583 0.011250 0.045833
15 0.265313 0.616250 0.018125 0.030833
15 0.239375 0.594583 0.028750 0.025833
15 0.253125 0.594167 0.030000 0.011667
15 0.327813 0.586667 0.011875 0.041667
15 0.325937 0.633750 0.020625 0.027500
15 0.325625 0.656250 0.026250 0.012500
15 0.344687 0.651667 0.023125 0.035000
15 0.350313 0.687500 0.029375 0.008333
15 0.329375 0.729583 0.028750 0.022500
15 0.362812 0.718333 0.030625 0.008333
15 0.352500 0.755000 0.016250 0.035000
15 0.366250 0.741250 0.022500 0.022500
15 0.361250 0.759583 0.030000 0.017500
15 0.383437 0.747917 0.003125 0.037500
15 0.398438 0.840417 0.018125 0.034167
15 0.388125 0.869583 0.025000 0.027500
15 0.430000 0.875833 0.022500 0.030000
15 0.408125 0.813750 0.026250 0.027500
15 0.430000 0.822917 0.016250 0.027500
15 0.447813 0.798333 0.014375 0.031667
15 0.530000 0.814583 0.021250 0.042500
15 0.531563 0.789583 0.026875 0.022500
15 0.570625 0.780417 0.031250 0.024167
15 0.482500 0.790000 0.018750 0.025000
15 0.489375 0.786250 0.016250 0.030833
15 0.512500 0.761250 0.011250 0.032500
15 0.467500 0.781667 0.008750 0.036667
15 0.457188 0.774167 0.008125 0.036667
15 0.484375 0.758750 0.036250 0.014167
15 0.492188 0.745833 0.018125 0.018333
15 0.480938 0.742500 0.023125 0.026667
15 0.440937 0.725417 0.018125 0.030833
15 0.459062 0.712500 0.008125 0.040000
15 0.438750 0.695000 0.022500 0.028333
15 0.454688 0.680000 0.029375 0.010000
15 0.445937 0.665833 0.030625 0.006667
15 0.460000 0.651250 0.028750 0.020833
15 0.449688 0.642500 0.023125 0.025000
15 0.446562 0.635000 0.026875 0.021667
15 0.411875 0.702083 0.020000 0.030833
15 0.405938 0.672917 0.020625 0.022500
15 0.378437 0.696250 0.035625 0.015833
15 0.385625 0.671250 0.018750 0.032500
15 0.390313 0.638333 0.029375 0.030000
15 0.363125 0.644167 0.013750 0.035000
15 0.369375 0.633750 0.016250 0.030833
15 0.350313 0.623750 0.011875 0.044167
15 0.366563 0.612500 0.028125 0.023333
15 0.386250 0.612917 0.033750 0.015833
15 0.361250 0.594583 0.030000 0.009167
15 0.383437 0.584167 0.008125 0.040000
15 0.446562 0.612917 0.034375 0.014167
15 0.427500 0.604167 0.033750 0.010000
15 0.423750 0.586250 0.033750 0.015833
15 0.402187 0.552917 0.009375 0.050833
15 0.412500 0.542083 0.006250 0.040833
15 0.421563 0.534167 0.005625 0.050000
15 0.416563 0.514583 0.024375 0.027500
15 0.484375 0.568750 0.025000 0.025833
15 0.488438 0.555000 0.034375 0.018333
15 0.449375 0.493750 0.035000 0.015833
15 0.444688 0.482917 0.030625 0.014167
15 0.440625 0.471250 0.028750 0.015833
15 0.432188 0.467083 0.026875 0.014167
15 0.363125 0.562917 0.026250 0.022500
15 0.356875 0.551250 0.037500 0.012500
15 0.384688 0.557083 0.021875 0.032500
15 0.384688 0.517083 0.033125 0.015833
15 0.339062 0.538333 0.034375 0.016667
15 0.375937 0.492083 0.028125 0.022500
15 0.395313 0.484583 0.021875 0.027500
15 0.388437 0.473750 0.035625 0.017500
15 0.356563 0.481250 0.008125 0.044167
15 0.346250 0.487500 0.008750 0.046667
