15 0.659062 0.670417 0.023125 0.027500
15 0.636875 0.701667 0.032500 0.030000
15 0.639062 0.747083 0.031875 0.022500
15 0.616875 0.784167 0.035000 0.013333
15 0.685625 0.882917 0.035000 0.024167
15 0.598437 0.880417 0.035625 0.024167
15 0.808438 0.396667 0.013125 0.046667
15 0.683438 0.420417 0.020625 0.035833
15 0.667813 0.427500 0.025625 0.030000
15 0.648750 0.496250 0.033750 0.020833
15 0.604375 0.487500 0.035000 0.013333
15 0.630938 0.527917 0.026875 0.029167
15 0.605938 0.517500 0.026875 0.023333
15 0.590000 0.555833 0.007500 0.046667
15 0.604062 0.568333 0.019375 0.041667
15 0.630313 0.598750 0.036875 0.010833
15 0.611563 0.610833 0.035625 0.010000
15 0.603437 0.694167 0.023125 0.035000
15 0.593125 0.667917 0.037500 0.014167
15 0.571562 0.808333 0.028125 0.026667
15 0.562813 0.815833 0.023125 0.023333
15 0.570312 0.842500 0.026875 0.013333
15 0.562813 0.894583 0.029375 0.025833
15 0.557813 0.882083 0.033125 0.027500
15 0.539687 0.868750 0.023125 0.029167
15 0.543750 0.829583 0.013750 0.039167
15 0.550937 0.816250 0.025625 0.029167
15 0.436250 0.945000 0.030000 0.025000
15 0.466562 0.852917 0.028125 0.027500
15 0.501563 0.803333 0.016875 0.033333
15 0.512188 0.803333 0.018125 0.036667
15 0.454375 0.791250 0.011250 0.032500
15 0.441875 0.791667 0.015000 0.040000
15 0.425938 0.840417 0.009375 0.042500
15 0.402500 0.825833 0.021250 0.035000
15 0.393125 0.797500 0.042500 0.015000
15 0.422187 0.762083 0.006875 0.050833
15 0.434063 0.722083 0.013125 0.045833
15 0.451562 0.705000 0.011875 0.041667
15 0.516250 0.684583 0.015000 0.039167
15 0.529062 0.665417 0.021875 0.035833
15 0.499063 0.701667 0.014375 0.045000
15 0.484687 0.690833 0.006875 0.046667
15 0.492188 0.683333 0.010625 0.046667
15 0.561562 0.652500 0.019375 0.038333
15 0.544687 0.645000 0.026875 0.023333
15 0.558125 0.614167 0.022500 0.040000
15 0.559063 0.545417 0.026875 0.025833
15 0.491563 0.631667 0.034375 0.015000
15 0.502500 0.597917 0.011250 0.045833
15 0.490625 0.606250 0.021250 0.035833
15 0.395313 0.712500 0.018125 0.031667
15 0.388437 0.742083 0.018125 0.040833
15 0.350313 0.735833 0.023125 0.035000
15 0.344687 0.755833 0.005625 0.045000
15 0.324375 0.775000 0.023750 0.036667
15 0.329688 0.749167 0.016875 0.046667
15 0.249688 0.705833 0.008125 0.050000
15 0.224375 0.718333 0.035000 0.015000
15 0.225000 0.690833 0.033750 0.016667
15 0.267813 0.676667 0.005625 0.046667
15 0.305000 0.660000 0.017500 0.038333
15 0.312188 0.647083 0.019375 0.030833
15 0.339062 0.670000 0.016875 0.038333
15 0.344062 0.656667 0.029375 0.030000
15 0.350938 0.634583 0.024375 0.032500
15 0.365625 0.614167 0.023750 0.043333
15 0.396875 0.631250 0.016250 0.047500
15 0.363125 0.579583 0.036250 0.024167
15 0.321250 0.610833 0.023750 0.038333
15 0.291875 0.626250 0.038750 0.019167
15 0.257500 0.596667 0.036250 0.025000
15 0.233750 0.652500 0.041250 0.018333
15 0.231563 0.618750 0.025625 0.044167
15 0.244062 0.623750 0.020625 0.037500
15 0.324375 0.570000 0.022500 0.045000
15 0.306563 0.568750 0.023125 0.032500
15 0.289062 0.575833 0.035625 0.026667
15 0.291875 0.545417 0.030000 0.035833
15 0.298125 0.535417 0.026250 0.037500
15 0.293750 0.508333 0.035000 0.020000
15 0.237187 0.523750 0.023125 0.040833
15 0.297500 0.480000 0.038750 0.011667
15 0.392813 0.498333 0.028125 0.038333
15 0.409375 0.548333 0.040000 0.021667
15 0.408750 0.565417 0.028750 0.025833
15 0.415938 0.573750 0.023125 0.022500
15 0.435312 0.566667 0.009375 0.046667
15 0.444063 0.568750 0.006875 0.040833
15 0.454375 0.564167 0.015000 0.050000
15 0.465313 0.561250 0.015625 0.049167
15 0.469062 0.585833 0.024375 0.046667
15 0.597812 0.402500 0.010625 0.048333
15 0.634687 0.341667 0.011875 0.033333
15 0.586562 0.402917 0.008125 0.045833
15 0.554688 0.433750 0.028125 0.029167
15 0.526875 0.493333 0.015000 0.030000
15 0.515938 0.537917 0.036875 0.019167
15 0.489063 0.497917 0.026875 0.020833
15 0.513125 0.507917 0.020000 0.029167
15 0.489063 0.529583 0.039375 0.010833
15 0.445312 0.495417 0.036875 0.019167
15 0.506563 0.433333 0.028125 0.023333
15 0.442812 0.484583 0.031875 0.010833
15 0.437812 0.455417 0.033125 0.012500
15 0.439375 0.465000 0.032500 0.003333
15 0.380312 0.471250 0.030625 0.022500
15 0.412813 0.422917 0.005625 0.044167
15 0.362187 0.422917 0.025625 0.029167
15 0.322813 0.381667 0.024375 0.036667
15 0.271875 0.396250 0.012500 0.045833
15 0.219688 0.430417 0.023125 0.030833
15 0.178750 0.451250 0.042500 0.017500
15 0.165625 0.490417 0.030000 0.020833
15 0.124063 0.576667 0.018125 0.030000
15 0.194062 0.355417 0.033125 0.007500
15 0.296875 0.306250 0.008750 0.030833
15 0.407813 0.334167 0.016875 0.041667
15 0.467187 0.310833 0.014375 0.043333
15 0.560312 0.340000 0.013125 0.045000
15 0.567187 0.246250 0.035625 0.024167
15 0.579063 0.279583 0.026875 0.015833
15 0.624687 0.288333 0.031875 0.010000
15 0.672500 0.197083 0.015000 0.049167
15 0.619062 0.216250 0.009375 0.034167
15 0.615938 0.235000 0.013125 0.043333
15 0.593125 0.191667 0.030000 0.016667
15 0.476250 0.135417 0.008750 0.049167
15 0.564688 0.092917 0.008125 0.050833
15 0.368125 0.268333 0.018750 0.048333
15 0.372812 0.241250 0.023125 0.034167
15 0.336875 0.219583 0.015000 0.040833
15 0.328437 0.259583 0.025625 0.035833
15 0.320625 0.242917 0.011250 0.035833
15 0.198125 0.167917 0.013750 0.045833
